Homework1	Homework2	Homework3	
93	100	96	
83	0	98	
97	96	99	
93	100	100	
57	0	60	
98	97	98	
99	100	100	
88	60	60	
60	98	0	
100	100	99	
72	94	100	
92	91	88	
97	100	100	
95	100	79	
89	98	78	
72	97	96	
94	100	97	
97	100	98	
86	96	93	
98	100	100	
96	100	96	
89	99	98	
100	98	100	
76	93	100	
92	94	94	
95	96	79	
91	97	98	
96	98	90	
94	98	99	
97	92	100	
100	99	100	
97	99	97	
97	98	99	
88	90	94	
93	100	100	
91	97	60	
97	100	100	
94	91	98	
92	99	100	
96	99	98	
97	98	100	
91	56	95	
100	0	80	
93	97	97	
99	100	100	
93	100	100	
96	100	98	
96	98	97	
94	98	98	
96	98	97	
99	98	93	
97	96	60	
96	100	96	
90	99	100	
35	0	0	
88	98	100	
93	98	98	
93	93	90	
90	97	96	
93	78	86	
97	96	100	
85	100	97	
97	100	98	
97	98	81	
91	98	60	
98	100	100	
95	100	99	
95	99	99	
91	56	100	
93	98	100	
97	100	100	
100	98	99	
92	93	98	
93	89	97	
91	88	90	
95	88	96	
93	100	98	
95	96	97	
94	98	98	
97	100	99	
94	99	100	
97	97	98	
85	74	84	
89	94	100	
91	99	100	
100	100	100	
98	96	88	
96	98	96	
88	99	98	
98	100	97	
93	90	100	
90	93	99	
92	98	98	
90	99	96	
97	100	100	
96	100	94	
98	100	96	
81	96	60	
97	96	96	
97	98	96	
42	96	96	
93	82	98	
95	92	100	
93	100	100	
95	96	98	
95	100	100	
98	96	96	